test version 1.0
Reading from JSP_TW_Overlapping.lp ...
Solving...
Solving...
Solving...
Solving...
Solving...
Solving...
Solving...
Solving...
Solving...
Solving...
Solving...
Solving...
Solving...
Solving...
Solving...
Solving...
Solving...
Solving...
Solving...
Solving...
Solving...
Solving...
Solving...
Solving...
Solving...
Solving...
Solving...
Solving...
Solving...
Solving...
Solving...
Solving...
Solving...
Solving...
Solving...
Solving...
Solving...
Solving...
Solving...
Solving...
Solving...
Solving...
Solving...
Solving...
Solving...
Solving...
Solving...
Solving...
Solving...
Solving...
Solving...
Solving...
Solving...
Solving...
Solving...
Solving...
Solving...
Solving...
Solving...
Solving...
Solving...
Solving...
Solving...
Solving...
Solving...
Solving...
Solving...
Solving...
Solving...
Solving...
Solving...
Solving...
Solving...
Solving...
Solving...
Solving...
Solving...
Solving...
Solving...
Solving...
Solving...
Solving...
Solving...
Solving...
Solving...
Solving...
Solving...
Solving...
Solving...
Solving...
Solving...
Solving...
Solving...
Solving...
Solving...
Solving...
Solving...
Solving...
Solving...
Solving...
Solving...
Solving...
Solving...
Solving...
Solving...
Solving...
Solving...
Solving...
Solving...
Solving...
Solving...
Solving...
Solving...
Solving...
Solving...
Solving...
Solving...
Solving...
Solving...
Solving...
Solving...
Solving...
Solving...
Solving...
Solving...
Solving...
Solving...
Solving...
Solving...
Solving...
Solving...
Solving...
Solving...
Solving...
Solving...
Solving...
Solving...
Solving...
Solving...
Solving...
Solving...
Solving...
Solving...
Solving...
Solving...
Solving...
Solving...
Solving...
Solving...
Solving...
Solving...
Solving...
Solving...
Solving...
Solving...
Solving...
Solving...
Solving...
Solving...
Solving...
Solving...
Solving...
Solving...
Solving...
Solving...
Solving...
Solving...
Solving...
Solving...
Solving...
Solving...
Solving...
Solving...
Solving...
Solving...
Solving...
Solving...
Solving...
Solving...
Solving...
Solving...
Solving...
Solving...
Solving...
Solving...
Solving...
Solving...
Solving...
Solving...
Solving...
Solving...
Solving...
Solving...
Solving...
Solving...
Solving...
Solving...
Solving...
Solving...
Solving...
Solving...
Solving...
Solving...
Solving...
Solving...
Solving...
Solving...
Solving...
Solving...
Solving...
Solving...
Solving...
Solving...
Solving...
Solving...
Solving...
Solving...
Solving...
Solving...
Solving...
Solving...
Solving...
Solving...
Solving...
Solving...
Solving...
Solving...
Solving...
Solving...
Solving...
Solving...
Solving...
Solving...
Solving...
Solving...
Solving...
Solving...
Solving...
Solving...
Solving...
Solving...
Solving...
Solving...
Solving...
Solving...
Solving...
Solving...
Solving...
Solving...
Solving...
Solving...
Solving...
Solving...
Solving...
Solving...
Solving...
Solving...
Solving...
Solving...
Solving...
Solving...
Solving...
Solving...
Solving...
Solving...
Solving...
Solving...
Solving...
Solving...
Solving...
Solving...
Solving...
Solving...
Solving...
Solving...
Solving...
Solving...
Solving...
Solving...
Solving...
Solving...
Solving...
Solving...
Solving...
Solving...
Solving...
Solving...
Solving...
Solving...
Solving...
Solving...
Solving...
Solving...
Solving...
Solving...
Solving...
Solving...
Solving...
Solving...
Solving...
Solving...
Solving...
Solving...
Solving...
Solving...
Solving...
Solving...
Solving...
Solving...
Solving...
Solving...
Solving...
Solving...
Solving...
Solving...
Solving...
Solving...
Solving...
Solving...
Solving...
Solving...
Solving...
Solving...
Solving...
Solving...
Solving...
Solving...
Solving...
Solving...
Solving...
Solving...
Solving...
Solving...
Solving...
Solving...
Solving...
Solving...
Solving...
Solving...
Solving...
Solving...
Solving...
Solving...
Solving...
Solving...
Solving...
Solving...
Solving...
Solving...
Solving...
Solving...
Solving...
Solving...
Solving...
Solving...
Solving...
Solving...
Solving...
Solving...
Solving...
Solving...
Solving...
Solving...
Solving...
Solving...
Solving...
Solving...
Solving...
Solving...
Solving...
Solving...
Solving...
Solving...
Solving...
Solving...
Solving...
Solving...
Solving...
Solving...
Solving...
Solving...
Solving...
Solving...
Solving...
Solving...
Solving...
Solving...
Solving...
Solving...
Solving...
Solving...
Solving...
Solving...
Solving...
Solving...
Solving...
Solving...
Solving...
Solving...
Solving...
Solving...
Solving...
Solving...
Solving...
Solving...
Solving...
Solving...
Solving...
Solving...
Solving...
Solving...
Solving...
Solving...
Solving...
Solving...
Solving...
Solving...
Solving...
Solving...
Solving...
Solving...
Solving...
Solving...
Solving...
Solving...
Solving...
Solving...
Solving...
Solving...
Solving...
Solving...
Solving...
Solving...
Solving...
Solving...
Solving...
Solving...
Solving...
Solving...
Solving...
Solving...
Solving...
Solving...
Solving...
Solving...
Solving...
Solving...
Solving...
Solving...
Solving...
Solving...
Solving...
Solving...
Solving...
Solving...
Solving...
Solving...
Solving...
Solving...
Solving...
Solving...
Solving...
Solving...
Solving...
Solving...
Solving...
Solving...
Solving...
Solving...
Solving...
Solving...
Solving...
Solving...
Solving...
Solving...
Solving...
Solving...
Solving...
Solving...
Solving...
Solving...
Solving...
Solving...
Solving...
Solving...
Solving...
Solving...
Solving...
Solving...
Solving...
Solving...
Solving...
Solving...
Solving...
Solving...
Solving...
Solving...
Solving...
Solving...
Solving...
Solving...
Solving...
Solving...
Solving...
Solving...
Solving...
Solving...
Solving...
Solving...
Solving...
Solving...
Solving...
Solving...
Solving...
Solving...
Solving...
Solving...
Solving...
Solving...
Solving...
Solving...
Solving...
Solving...
Solving...
Solving...
Solving...
Solving...
Solving...
Solving...
Solving...
Solving...
Solving...
Solving...
Solving...
Solving...
Solving...
Solving...
Solving...
Solving...
Solving...
Solving...
Solving...
Solving...
Solving...
Solving...
Solving...
Solving...
Solving...
Solving...
Solving...
Solving...
Solving...
Solving...
Solving...
Solving...
Solving...
Solving...
Solving...
Solving...
Solving...
Solving...
Solving...
Solving...
Solving...
Solving...
Solving...
Solving...
Solving...
Solving...
Solving...
Solving...
Solving...
Solving...
Solving...
Solving...
Solving...
Solving...
Solving...
Solving...
Solving...
Solving...
Solving...
Solving...
Solving...
Solving...
Solving...
Solving...
Solving...
Solving...
Solving...
Solving...
Solving...
Solving...
Solving...
Solving...
Solving...
Solving...
Solving...
Solving...
Solving...
Solving...
Solving...
Solving...
Solving...
Solving...
Solving...
Solving...
Solving...
Solving...
Solving...
Solving...
Solving...
Solving...
Solving...
Solving...
Solving...
Solving...
Solving...
Solving...
Solving...
Solving...
Solving...
Solving...
Solving...
Solving...
Solving...
Solving...
Solving...
Solving...
Solving...
Solving...
Solving...
Solving...
Solving...
Solving...
Solving...
Solving...
Solving...
Solving...
Solving...
Solving...
Solving...
Solving...
Solving...
Solving...
Solving...
Solving...
Solving...
Solving...
Solving...
Solving...
Solving...
Solving...
Solving...
Solving...
Solving...
Solving...
Solving...
Solving...
Solving...
Solving...
Solving...
Solving...
Solving...
Solving...
Solving...
Solving...
Solving...
Solving...
Solving...
Solving...
Solving...
Solving...
Solving...
Solving...
Solving...
Solving...
Solving...
Solving...
Solving...
Solving...
Solving...
Solving...
Solving...
Solving...
Solving...
Solving...
Solving...
Solving...
Solving...
Solving...
Solving...
Solving...
Solving...
Solving...
Solving...
Solving...
Solving...
Solving...
Solving...
Solving...
Solving...
Solving...
Solving...
Solving...
Solving...
Solving...
Solving...
Solving...
Solving...
Solving...
Solving...
Solving...
Solving...
Solving...
Solving...
Solving...
Solving...
Solving...
Solving...
Solving...
Solving...
Solving...
Solving...
Solving...
Solving...
Solving...
Solving...
Solving...
Solving...
Solving...
Solving...
Solving...
Solving...
Solving...
Solving...
Solving...
Solving...
Solving...
Solving...
Solving...
Solving...
Solving...
Solving...
Solving...
Solving...
Solving...
Solving...
Solving...
Solving...
Solving...
Solving...
Solving...
Solving...
Solving...
Solving...
Solving...
Solving...
Solving...
Solving...
Solving...
Solving...
Solving...
Solving...
Solving...
Solving...
Solving...
Solving...
Solving...
Solving...
Solving...
Solving...
Solving...
Solving...
Solving...
Solving...
Solving...
Solving...
Solving...
Solving...
Solving...
Solving...
Solving...
Solving...
Solving...
Solving...
Solving...
Solving...
Solving...
Solving...
Solving...
Solving...
Solving...
Solving...
Solving...
Solving...
Solving...
Solving...
Solving...
Solving...
Solving...
Solving...
Solving...
Solving...
Solving...
Solving...
Solving...
Solving...
Solving...
Solving...
Solving...
Solving...
Solving...
Solving...
Solving...
Solving...
Solving...
Solving...
Solving...
Solving...
Solving...
Solving...
Solving...
Solving...
Solving...
Solving...
Solving...
Solving...
Solving...
Solving...
Solving...
Solving...
Solving...
Solving...
Solving...
Solving...
Solving...
Solving...
Solving...
Solving...
Solving...
Solving...
Solving...
Solving...
Solving...
Solving...
Solving...
Solving...
Solving...
Solving...
Solving...
Solving...
Solving...
Solving...
Solving...
Solving...
Solving...
Solving...
Solving...
Solving...
Solving...
Solving...
Solving...
Solving...
Solving...
Solving...
Solving...
Solving...
Solving...
Solving...
Solving...
Solving...
Solving...
Solving...
Solving...
Solving...
Solving...
Solving...
Solving...
Solving...
Solving...
Solving...
Solving...
Solving...
Solving...
Solving...
Solving...
Solving...
Solving...
Solving...
Solving...
Solving...
Solving...
Solving...
Solving...
Solving...
Solving...
Solving...
Solving...
Solving...
Solving...
Solving...
Solving...
Solving...
Solving...
Solving...
Solving...
Solving...
Solving...
Solving...
Solving...
Solving...
Solving...
Solving...
Solving...
Solving...
Solving...
Solving...
Solving...
Solving...
Solving...
Solving...
Solving...
Solving...
Solving...
Solving...
Solving...
Solving...
Solving...
Solving...
Solving...
Solving...
Solving...
Solving...
Solving...
Solving...
Solving...
Solving...
Solving...
Solving...
Solving...
Solving...
Solving...
Solving...
Solving...
Solving...
Solving...
Solving...
Solving...
Solving...
Solving...
Solving...
Solving...
Solving...
Solving...
Solving...
Solving...
Solving...
Solving...
Solving...
Solving...
Solving...
Solving...
Solving...
Solving...
Solving...
Solving...
Solving...
Solving...
Solving...
Solving...
Solving...
Solving...
Solving...
Solving...
Solving...
Solving...
Solving...
Solving...
Solving...
Solving...
Solving...
Solving...
Solving...
Solving...
Solving...
Solving...
Solving...
Solving...
Solving...
Solving...
Solving...
Solving...
Solving...
Solving...
Solving...
Solving...
Solving...
Solving...
Solving...
Solving...
Solving...
Solving...
Solving...
Solving...
Solving...
Solving...
Solving...
Solving...
Solving...
Solving...
Solving...
Solving...
Solving...
Solving...
Solving...
Solving...
Solving...
Solving...
Solving...
Solving...
Solving...
Solving...
Solving...
Solving...
Solving...
Solving...
Solving...
Solving...
Solving...
Solving...
Solving...
Solving...
Solving...
Solving...
Solving...
Solving...
Solving...
Solving...
Solving...
Solving...
Solving...
Solving...
Solving...
Solving...
Solving...
Solving...
Solving...
Solving...
Solving...
Solving...
Solving...
Solving...
Solving...
Solving...
Solving...
Solving...
Solving...
Solving...
Solving...
Solving...
Solving...
Solving...
Solving...
Solving...
Solving...
Solving...
Solving...
Solving...
Solving...
Solving...
Solving...
Solving...
Solving...
Solving...
Solving...
Solving...
Solving...
Solving...
Solving...
Solving...
Solving...
Solving...
Solving...
Solving...
Solving...
Solving...
Solving...
Solving...
Solving...
Solving...
Solving...
Solving...
Solving...
Solving...
Solving...
Solving...
Solving...
Solving...
Solving...
Solving...
Solving...
Solving...
Solving...
Solving...
Solving...
Solving...
Solving...
Solving...
Solving...
Solving...
Solving...
Solving...
Solving...
Solving...
Solving...
Solving...
Solving...
Solving...
Solving...
Solving...
Solving...
Solving...
Solving...
Solving...
Solving...
Solving...
Solving...
Solving...
Solving...
Solving...
Solving...
Solving...
Solving...
Solving...
Solving...
Solving...
Solving...
Solving...
Solving...
Solving...
Solving...
Solving...
Solving...
Solving...
Solving...
Solving...
Solving...
Solving...
Solving...
Solving...
Solving...
Solving...
Solving...
Solving...
Solving...
Solving...
Solving...
Solving...
Solving...
Solving...
Solving...
Solving...
Solving...
Solving...
Solving...
Solving...
Solving...
Solving...
Solving...
Solving...
Solving...
Solving...
Solving...
Solving...
Solving...
Solving...
Solving...
Solving...
Solving...
Solving...
Solving...
Solving...
Solving...
Solving...
Solving...
Solving...
Solving...
Solving...
Solving...
Solving...
Solving...
Solving...
Solving...
Solving...
Solving...
Solving...
Solving...
Solving...
Solving...
Solving...
Solving...
Solving...
Solving...
Solving...
Solving...
Solving...
Solving...
Solving...
Solving...
Solving...
Solving...
Solving...
Solving...
Solving...
Solving...
Solving...
Solving...
Solving...
Solving...
Solving...
Solving...
Solving...
Solving...
Solving...
Solving...
Solving...
Solving...
Solving...
Solving...
Solving...
Solving...
Solving...
Solving...
Solving...
Solving...
Solving...
Solving...
Solving...
Solving...
Solving...
Solving...
Solving...
Solving...
Solving...
Solving...
Solving...
Solving...
Solving...
Solving...
Solving...
Solving...
Solving...
Solving...
Solving...
Solving...
Solving...
Solving...
Solving...
Solving...
Solving...
Solving...
Solving...
Solving...
Solving...
Solving...
Solving...
Solving...
Solving...
Solving...
Solving...
Solving...
Solving...
Solving...
Solving...
Solving...
Solving...
Solving...
Solving...
Solving...
Solving...
Solving...
Solving...
Solving...
Solving...
Solving...
Solving...
Solving...
Solving...
Solving...
Solving...
Solving...
Solving...
Solving...
Solving...
Solving...
Solving...
Solving...
Solving...
Solving...
Solving...
Solving...
Solving...
Solving...
Solving...
Solving...
Solving...
Solving...
Solving...
Solving...
Solving...
Solving...
Solving...
Solving...
Solving...
Solving...
Solving...
Solving...
Solving...
Solving...
Solving...
Solving...
Solving...
Solving...
Solving...
Solving...
Solving...
Solving...
Solving...
Solving...
Solving...
Solving...
Solving...
Solving...
Solving...
Solving...
Solving...
Solving...
Solving...
Solving...
Solving...
Solving...
Solving...
Solving...
Solving...
Solving...
Solving...
Solving...
Solving...
Solving...
Solving...
Solving...
Solving...
Solving...
Solving...
Solving...
Solving...
Solving...
Solving...
Solving...
Solving...
Solving...
Solving...
Solving...
Solving...
Solving...
Solving...
Solving...
Solving...
Solving...
Solving...
Solving...
Solving...
Solving...
Solving...
Solving...
Solving...
Solving...
Solving...
Solving...
Solving...
Solving...
Solving...
Solving...
Solving...
Solving...
Solving...
Solving...
Solving...
Solving...
Solving...
Solving...
Solving...
Solving...
Solving...
Solving...
Solving...
Solving...
Solving...
Solving...
Solving...
Solving...
Solving...
Solving...
Solving...
Solving...
Solving...
Solving...
Solving...
Solving...
Solving...
Solving...
Solving...
Solving...
Solving...
Solving...
Solving...
Solving...
Solving...
Solving...
Solving...
Solving...
Solving...
Solving...
Solving...
Solving...
Solving...
Solving...
Solving...
Solving...
Solving...
Solving...
Solving...
Solving...
Solving...
Solving...
Solving...
Solving...
Solving...
Solving...
Solving...
Solving...
Solving...
Solving...
Solving...
Solving...
Solving...
Solving...
Solving...
Solving...
Solving...
Solving...
Solving...
Solving...
Solving...
Solving...
Solving...
Solving...
Solving...
Solving...
Solving...
Solving...
Solving...
Solving...
Solving...
Solving...
Solving...
Solving...
Solving...
Solving...
Solving...
Solving...
Solving...
Solving...
Solving...
Solving...
Solving...
Solving...
Solving...
Solving...
Solving...
Solving...
Solving...
Solving...
Solving...
Solving...
Solving...
Solving...
Solving...
Solving...
Solving...
Solving...
Solving...
Solving...
Solving...
Solving...
Solving...
Solving...
Solving...
Solving...
Solving...
Solving...
Solving...
Solving...
Solving...
Solving...
Solving...
Solving...
Solving...
Solving...
Solving...
Solving...
Solving...
Solving...
Solving...
Solving...
Solving...
Solving...
Solving...
Solving...
Solving...
Solving...
Solving...
Solving...
Solving...
Solving...
Solving...
Solving...
Solving...
Solving...
Solving...
Solving...
Solving...
Solving...
Solving...
Solving...
Solving...
Solving...
Solving...
Solving...
Solving...
Solving...
Solving...
Solving...
Solving...
Solving...
Solving...
Solving...
Solving...
Solving...
Solving...
Solving...
Solving...
Solving...
Solving...
Solving...
Solving...
Solving...
Solving...
Solving...
Solving...
Solving...
Solving...
Solving...
Solving...
Solving...
Solving...
Solving...
Solving...
Solving...
Solving...
Solving...
Solving...
Solving...
Solving...
Solving...
Solving...
Solving...
Solving...
Solving...
Solving...
Solving...
Solving...
Solving...
Solving...
Solving...
Solving...
Solving...
Solving...
Solving...
Solving...
Solving...
Solving...
Solving...
Solving...
Solving...
Solving...
Solving...
Solving...
Solving...
Solving...
Solving...
Solving...
Solving...
Solving...
Solving...
Solving...
Solving...
Solving...
Solving...
Solving...
Solving...
Solving...
Solving...
Solving...
Solving...
Solving...
Solving...
Solving...
Solving...
Solving...
Solving...
Solving...
Solving...
Solving...
Solving...
Solving...
Solving...
Solving...
Solving...
Solving...
Solving...
Solving...
Solving...
Solving...
Solving...
Solving...
Solving...
Solving...
Solving...
Solving...
Solving...
Solving...
Solving...
Solving...
Solving...
Solving...
Solving...
Solving...
Solving...
Solving...
Solving...
Solving...
Solving...
Solving...
Solving...
Solving...
Solving...
Solving...
Solving...
Solving...
Solving...
Solving...
Solving...
Solving...
Solving...
Solving...
Solving...
Solving...
Solving...
Solving...
Solving...
Solving...
Solving...
Solving...
Solving...
Solving...
Solving...
Solving...
Solving...
Solving...
Solving...
Solving...
Solving...
Solving...
Solving...
Solving...
Solving...
Solving...
Solving...
Solving...
Solving...
Solving...
Solving...
Solving...
Solving...
Solving...
Solving...
Solving...
Solving...
Solving...
Solving...
Solving...
Solving...
Solving...
Solving...
Solving...
Solving...
Solving...
Solving...
Solving...
Solving...
Solving...
Solving...
Solving...
Solving...
Solving...
Solving...
Solving...
Solving...
Solving...
Solving...
Solving...
Solving...
Solving...
Solving...
Solving...
Solving...
Solving...
Solving...
Solving...
Solving...
Solving...
Solving...
Solving...
Solving...
Solving...
Solving...
Solving...
Solving...
Solving...
Solving...
Solving...
Solving...
Solving...
Solving...
Solving...
Solving...
Solving...
Solving...
Solving...
Solving...
Solving...
Solving...
Solving...
Solving...
Solving...
Solving...
Solving...
Solving...
Solving...
Solving...
Solving...
Solving...
Solving...
Solving...
Solving...
Solving...
Solving...
Solving...
Solving...
Solving...
Solving...
Solving...
Solving...
Solving...
Solving...
Solving...
Solving...
Solving...
Solving...
Solving...
Solving...
Solving...
Solving...
Solving...
Solving...
Solving...
Solving...
Solving...
Solving...
Solving...
Solving...
Solving...
Solving...
Solving...
Solving...
Solving...
Solving...
Solving...
Solving...
Solving...
Solving...
Solving...
Solving...
Solving...
Solving...
Solving...
Solving...
Solving...
Solving...
Solving...
Solving...
Solving...
Solving...
Solving...
Solving...
Solving...
Solving...
Solving...
Solving...
Solving...
Solving...
Solving...
Solving...
Solving...
Solving...
Solving...
Solving...
Solving...
Solving...
Solving...
Solving...
Solving...
Solving...
Solving...
Solving...
Solving...
Solving...
Solving...
Solving...
Solving...
Solving...
Solving...
Solving...
Solving...
Solving...
Solving...
Solving...
Solving...
Solving...
Solving...
Solving...
Solving...
Solving...
Solving...
Solving...
Solving...
Solving...
Solving...
Solving...
Solving...
Solving...
Solving...
Solving...
Solving...
Solving...
Solving...
Solving...
Solving...
Solving...
Solving...
Solving...
Solving...
Solving...
Solving...
Solving...
Solving...
Solving...
Solving...
Solving...
Solving...
Solving...
Solving...
Solving...
Solving...
Solving...
Solving...
Solving...
Solving...
Solving...
Solving...
Solving...
Solving...
Solving...
Solving...
Solving...
Solving...
Solving...
Solving...
Solving...
Solving...
Solving...
Solving...
Solving...
Solving...
Solving...
Solving...
Solving...
Solving...
Solving...
Solving...
Solving...
Solving...
Solving...
Solving...
Solving...
Solving...
Solving...
Solving...
Solving...
Solving...
Solving...
Solving...
Solving...
Solving...
Solving...
Solving...
Solving...
Solving...
Solving...
Solving...
Solving...
Solving...
Solving...
Solving...
Solving...
Solving...
Solving...
Solving...
Solving...
Solving...
Solving...
Solving...
Solving...
Solving...
Solving...
Solving...
Solving...
Solving...
Solving...
Solving...
Solving...
Solving...
Solving...
Solving...
Solving...
Solving...
Solving...
Solving...
Solving...
Solving...
Solving...
Solving...
Solving...
Solving...
Solving...
Solving...
Solving...
Solving...
Solving...
Solving...
Solving...
Solving...
Solving...
Solving...
Solving...
Solving...
Solving...
Solving...
Solving...
Solving...
Solving...
Solving...
Solving...
Solving...
Solving...
Solving...
Solving...
Solving...
Solving...
Solving...
Solving...
Solving...
Solving...
Solving...
Solving...
Solving...
Solving...
Solving...
Solving...
Solving...
Solving...
Solving...
Solving...
Solving...
Solving...
Solving...
Solving...
Solving...
Solving...
Solving...
Solving...
Solving...
Solving...
Solving...
Solving...
Solving...
Solving...
Solving...
Solving...
Solving...
Solving...
Solving...
Solving...
Solving...
Solving...
Solving...
Solving...
Solving...
Solving...
Solving...
Solving...
Solving...
Solving...
Solving...
Solving...
Solving...
Solving...
Solving...
Solving...
Solving...
Solving...
Solving...
Solving...
Solving...
Solving...
Solving...
Solving...
Solving...
Solving...
Solving...
Solving...
Solving...
Solving...
Solving...
Solving...
Solving...
Solving...
Solving...
Solving...
Solving...
Solving...
Solving...
Solving...
Solving...
Solving...
Solving...
Solving...
Solving...
Solving...
Solving...
Solving...
Solving...
Solving...
Solving...
Solving...
Solving...
Solving...
Solving...
Solving...
Solving...
Solving...
Solving...
Solving...
Solving...
Solving...
Solving...
Solving...
Solving...
Solving...
Solving...
Solving...
Solving...
Solving...
Solving...
Solving...
Solving...
Solving...
Solving...
Solving...
Solving...
Solving...
Solving...
Solving...
Solving...
Solving...
Solving...
Solving...
Solving...
Solving...
Solving...
Solving...
Solving...
Solving...
Solving...
Solving...
Solving...
Solving...
Solving...
Solving...
Solving...
Solving...
Solving...
Solving...
Solving...
Solving...
Solving...
Solving...
Solving...
Solving...
Solving...
Solving...
Solving...
Solving...
Solving...
Solving...
Solving...
Solving...
Solving...
Solving...
Solving...
Solving...
Solving...
Solving...
Solving...
Solving...
Solving...
Solving...
Solving...
Solving...
Solving...
Solving...
Solving...
Solving...
Solving...
Solving...
Solving...
Solving...
Solving...
Solving...
Solving...
Solving...
Solving...
Solving...
Solving...
Solving...
Solving...
Solving...
Solving...
Solving...
Solving...
Solving...
Solving...
Solving...
Solving...
Solving...
Solving...
Solving...
Solving...
Solving...
Solving...
Solving...
Solving...
Solving...
Solving...
Solving...
Solving...
Solving...
Solving...
Solving...
Solving...
Solving...
Solving...
Solving...
Solving...
Solving...
Solving...
Solving...
Solving...
Solving...
Solving...
Solving...
Solving...
Solving...
Solving...
Solving...
Solving...
Solving...
Solving...
Solving...
Solving...
Solving...
Solving...
Solving...
Solving...
Solving...
Solving...
Solving...
Solving...
Solving...
Solving...
Solving...
Solving...
Solving...
Solving...
Solving...
Solving...
Solving...
Solving...
Solving...
Solving...
Solving...
Solving...
Solving...
Solving...
Solving...
Solving...
Solving...
Solving...
Solving...
Solving...
Solving...
Solving...
Solving...
Solving...
Solving...
Solving...
Solving...
Solving...
Solving...
Solving...
Solving...
Solving...
Solving...
Solving...
Solving...
Solving...
Solving...
Solving...
Solving...
Solving...
Solving...
Solving...
Solving...
Solving...
Solving...
Solving...
Solving...
Solving...
Solving...
Solving...
Solving...
Solving...
Solving...
Solving...
Solving...
Solving...
Solving...
Solving...
Solving...
Solving...
Solving...
Solving...
Solving...
Solving...
Solving...
Solving...
Solving...
Solving...
Solving...
Solving...
Solving...
Solving...
Solving...
Solving...
Solving...
Solving...
Solving...
Solving...
Solving...
Solving...
Solving...
Solving...
Solving...
Solving...
Solving...
Solving...
Solving...
Solving...
Solving...
Solving...
Solving...
Solving...
Solving...
Solving...
Solving...
Solving...
Solving...
Solving...
Solving...
Solving...
Solving...
Solving...
Solving...
Solving...
Solving...
Solving...
Solving...
Solving...
Solving...
Solving...
Solving...
Solving...
Solving...
Solving...
Solving...
Solving...
Solving...
Solving...
Solving...
Solving...
Solving...
Solving...
Solving...
Solving...
Solving...
Solving...
Solving...
Solving...
Solving...
Solving...
Solving...
Solving...
Solving...
Solving...
Solving...
Solving...
Solving...
Solving...
Solving...
Solving...
Solving...
Solving...
Solving...
Solving...
Solving...
Solving...
Solving...
Solving...
Solving...
Solving...
Solving...
Solving...
Solving...
Solving...
Solving...
Solving...
Solving...
Solving...
Solving...
Solving...
Solving...
Solving...
Solving...
Solving...
Solving...
Solving...
Solving...
Solving...
Solving...
Solving...
Solving...
Solving...
Solving...
Solving...
Solving...
Solving...
Solving...
Solving...
Solving...
Solving...
Solving...
Solving...
Solving...
Solving...
Solving...
Solving...
Solving...
Solving...
Solving...
Solving...
Solving...
Solving...
Solving...
Solving...
Solving...
Solving...
Solving...
Solving...
Solving...
Solving...
Solving...
Solving...
Solving...
Solving...
Solving...
Solving...
Solving...
Solving...
Solving...
Solving...
Solving...
Solving...
Solving...
Solving...
Solving...
Solving...
Solving...
Solving...
Solving...
Solving...
Solving...
Solving...
Solving...
Solving...
Solving...
Solving...
Solving...
Solving...
Solving...
Solving...
Solving...
Solving...
Solving...
Solving...
Solving...
Solving...
Solving...
Solving...
Solving...
Solving...
Solving...
Solving...
Solving...
Solving...
Solving...
Solving...
Solving...
Solving...
Solving...
Solving...
Solving...
Solving...
Solving...
Solving...
Solving...
Solving...
Solving...
Solving...
Solving...
Solving...
Solving...
Solving...
Solving...
Solving...
Solving...
Solving...
Solving...
Solving...
Solving...
Solving...
Solving...
Solving...
Solving...
Solving...
Solving...
Solving...
Solving...
Solving...
Solving...
Solving...
Solving...
Solving...
Solving...
Solving...
Solving...
Solving...
Solving...
Solving...
Solving...
Solving...
Solving...
Solving...
Solving...
Solving...
Solving...
Solving...
Solving...
Solving...
Solving...
Solving...
Solving...
Solving...
Solving...
Solving...
Solving...
Solving...
Solving...
Solving...
Solving...
Solving...
Solving...
Solving...
Solving...
Solving...
Solving...
Solving...
Solving...
Solving...
Solving...
Solving...
Solving...
Solving...
Solving...
Solving...
Solving...
Solving...
Solving...
Solving...
Solving...
Solving...
Solving...
Solving...
Solving...
Solving...
Solving...
Solving...
Solving...
Solving...
Solving...
Solving...
Solving...
Solving...
Solving...
Solving...
Solving...
Solving...
Solving...
Solving...
Solving...
Solving...
Solving...
Solving...
Solving...
Solving...
Solving...
Solving...
Solving...
Solving...
Solving...
Solving...
Solving...
Solving...
Solving...
Solving...
Solving...
Solving...
Solving...
Solving...
Solving...
Solving...
Solving...
Solving...
Solving...
Solving...
Solving...
Solving...
Solving...
Solving...
Solving...
Solving...
Solving...
Solving...
Solving...
Solving...
Solving...
Solving...
Solving...
Solving...
Solving...
Solving...
Solving...
Solving...
Solving...
Solving...
Solving...
Solving...
Solving...
Solving...
Solving...
Solving...
Solving...
Solving...
Solving...
Solving...
Solving...
Solving...
Solving...
Solving...
Solving...
Solving...
Solving...
Solving...
Solving...
Solving...
Solving...
Solving...
Solving...
Solving...
Solving...
Solving...
Solving...
Solving...
Solving...
Solving...
Solving...
Solving...
Solving...
Solving...
Solving...
Solving...
Solving...
Solving...
Solving...
Solving...
Solving...
Solving...
Solving...
Solving...
Solving...
Solving...
Solving...
Solving...
Solving...
Solving...
Solving...
Solving...
Solving...
Solving...
Solving...
Solving...
Solving...
Solving...
Solving...
Solving...
Solving...
Solving...
Solving...
Solving...
Solving...
Solving...
Solving...
Solving...
Solving...
Solving...
Solving...
Solving...
Solving...
Solving...
Solving...
Solving...
Solving...
Solving...
Solving...
Solving...
Solving...
Solving...
Solving...
Solving...
Solving...
Solving...
Solving...
Solving...
Solving...
Solving...
Solving...
Solving...
Solving...
Solving...
Solving...
Solving...
Solving...
Solving...
Solving...
Solving...
Solving...
Solving...
Solving...
Solving...
Solving...
Solving...
Solving...
Solving...
Solving...
Solving...
Solving...
Solving...
Solving...
Solving...
Solving...
Solving...
Solving...
Solving...
Solving...
Solving...
Solving...
Solving...
Solving...
Solving...
Solving...
Solving...
Solving...
Solving...
Solving...
Solving...
Solving...
Solving...
Solving...
Solving...
Solving...
Solving...
Solving...
Solving...
Solving...
Solving...
Solving...
Solving...
Solving...
Solving...
Solving...
Solving...
Solving...
Solving...
Solving...
Solving...
Solving...
Solving...
Solving...
Solving...
Solving...
Solving...
Solving...
Solving...
Solving...
Solving...
Solving...
Solving...
Solving...
Solving...
Solving...
Solving...
Solving...
Solving...
Solving...
Solving...
Solving...
Solving...
Solving...
Solving...
Solving...
Solving...
Solving...
Solving...
Solving...
Solving...
Solving...
Solving...
Solving...
Solving...
Solving...
Solving...
Solving...
Solving...
Solving...
Solving...
Solving...
Solving...
Solving...
Solving...
Solving...
Solving...
Solving...
Solving...
Solving...
Solving...
Solving...
Solving...
Solving...
Solving...
Solving...
Solving...
Solving...
Solving...
Solving...
Solving...
Solving...
Solving...
Solving...
Solving...
Solving...
Solving...
Solving...
Solving...
Solving...
Solving...
Solving...
Solving...
Solving...
Solving...
Solving...
Solving...
Solving...
Solving...
Solving...
Solving...
Solving...
Solving...
Solving...
Solving...
Solving...
Solving...
Solving...
Solving...
Solving...
Solving...
Solving...
Solving...
Solving...
Solving...
Solving...
Solving...
Solving...
Solving...
Solving...
Solving...
Solving...
Solving...
Solving...
Solving...
Solving...
Solving...
Solving...
Solving...
Solving...
Solving...
Solving...
Solving...
Solving...
Solving...
Solving...
Solving...
Solving...
Solving...
Solving...
Solving...
Solving...
Solving...
Solving...
Solving...
Solving...
Solving...
Solving...
Solving...
Solving...
Solving...
Solving...
Solving...
Solving...
Solving...
Solving...
Solving...
Solving...
Solving...
Solving...
Solving...
Solving...
Solving...
Solving...
Solving...
Solving...
Solving...
Solving...
Solving...
Solving...
Solving...
Solving...
Solving...
Solving...
Solving...
Solving...
Solving...
Solving...
Solving...
Solving...
Solving...
Solving...
Solving...
Solving...
Solving...
Solving...
Solving...
Solving...
Solving...
Solving...
Solving...
Solving...
Solving...
Solving...
Solving...
Solving...
Solving...
Solving...
Solving...
Solving...
Solving...
Solving...
Solving...
Solving...
Solving...
Solving...
Solving...
Solving...
Solving...
Solving...
Solving...
Solving...
Solving...
Solving...
Solving...
Solving...
Solving...
Solving...
Solving...
Solving...
Solving...
Solving...
Solving...
Solving...
Solving...
Solving...
Solving...
Solving...
Solving...
Solving...
Solving...
Solving...
Solving...
Solving...
Solving...
Solving...
Solving...
Solving...
Solving...
Solving...
Solving...
Solving...
Solving...
Solving...
Solving...
Solving...
Solving...
Solving...
Solving...
Solving...
Solving...
Solving...
Solving...
Solving...
Solving...
Solving...
Solving...
Solving...
Solving...
Solving...
Solving...
Solving...
Solving...
Solving...
Solving...
Solving...
Solving...
Solving...
Solving...
Solving...
Solving...
Solving...
Solving...
Solving...
Solving...
Solving...
Solving...
Solving...
Solving...
Solving...
Solving...
Solving...
Solving...
Solving...
Solving...
Solving...
Solving...
Solving...
Solving...
Solving...
Solving...
Solving...
Solving...
Solving...
Solving...
Solving...
Solving...
Solving...
Solving...
Solving...
Solving...
Solving...
Solving...
Solving...
Solving...
Solving...
Solving...
Solving...
Solving...
Solving...
Solving...
Solving...
Solving...
Solving...
Solving...
Solving...
Solving...
Solving...
Solving...
Solving...
Solving...
Solving...
Solving...
Solving...
Solving...
Solving...
Solving...
Solving...
Solving...
Solving...
Solving...
Solving...
Solving...
Solving...
Solving...
Solving...
Solving...
Solving...
Solving...
Solving...
Solving...
Solving...
Solving...
Solving...
Solving...
Solving...
Solving...
Solving...
Solving...
Solving...
Solving...
Solving...
Solving...
Solving...
Solving...
Solving...
Solving...
Solving...
Solving...
Solving...
Solving...
Solving...
Solving...
Solving...
Solving...
Solving...
Solving...
Solving...
Solving...
Solving...
Solving...
Solving...
Solving...
Solving...
Solving...
Solving...
Solving...
Solving...
Solving...
Solving...
Solving...
Solving...
Solving...
Solving...
Solving...
Solving...
Solving...
Solving...
Solving...
Solving...
Solving...
Solving...
Solving...
Solving...
Solving...
Solving...
Solving...
Solving...
Solving...
Solving...
Solving...
Solving...
Solving...
Solving...
Solving...
Solving...
Solving...
Solving...
Solving...
Solving...
Solving...
Solving...
Solving...
Solving...
Solving...
Solving...
Solving...
Solving...
Solving...
Solving...
Solving...
Solving...
Solving...
Solving...
Solving...
Solving...
Solving...
Solving...
Solving...
Solving...
Solving...
Solving...
Solving...
Solving...
Solving...
Solving...
Solving...
Solving...
Solving...
Solving...
Solving...
Solving...
Solving...
Solving...
Solving...
Solving...
Solving...
Solving...
Solving...
Solving...
Solving...
Solving...
Solving...
Solving...
Solving...
Solving...
Solving...
Solving...
Solving...
Solving...
Solving...
Solving...
Solving...
Solving...
Solving...
Solving...
Solving...
Solving...
Solving...
Solving...
Solving...
Solving...
Solving...
Solving...
Solving...
Solving...
Solving...
Solving...
Solving...
Solving...
Solving...
Solving...
Solving...
Solving...
Solving...
Solving...
Solving...
Solving...
Solving...
Solving...
Solving...
Solving...
Solving...
Solving...
Solving...
Solving...
Solving...
Solving...
Solving...
Solving...
Solving...
Solving...
Solving...
Solving...
Solving...
Solving...
Solving...
Solving...
Solving...
Solving...
Solving...
Solving...
Solving...
Solving...
Solving...
Solving...
Solving...
Solving...
Solving...
Solving...
Solving...
Solving...
Solving...
Solving...
Solving...
Solving...
Solving...
Solving...
Solving...
Solving...
Solving...
Solving...
Solving...
Solving...
Solving...
Solving...
Solving...
Solving...
Solving...
Solving...
Solving...
Solving...
Solving...
Solving...
Solving...
Solving...
Solving...
Solving...
Solving...
Solving...
Solving...
Solving...
Solving...
Solving...
Solving...
Solving...
Solving...
Solving...
Solving...
Solving...
Solving...
Solving...
Solving...
Solving...
Solving...
Solving...
Solving...
Solving...
Solving...
Solving...
Solving...
Solving...
Solving...
Solving...
Solving...
Solving...
Solving...
Solving...
Solving...
Solving...
Solving...
Solving...
Solving...
Solving...
Solving...
Solving...
Solving...
Solving...
Solving...
Solving...
Solving...
Solving...
Solving...
Solving...
Solving...
Solving...
Solving...
Solving...
Solving...
Solving...
Solving...
Solving...
Solving...
Solving...
Solving...
Solving...
Solving...
Solving...
Solving...
Solving...
Solving...
Solving...
Solving...
Solving...
Solving...
Solving...
Solving...
Solving...
Solving...
Solving...
Solving...
Solving...
Solving...
Solving...
Solving...
Solving...
Solving...
Solving...
Solving...
Solving...
Solving...
Solving...
Solving...
Solving...
Solving...
Solving...
Solving...
Solving...
Solving...
Solving...
Solving...
Solving...
Solving...
Solving...
Solving...
Solving...
Solving...
Solving...
Solving...
Solving...
Solving...
Solving...
Solving...
Solving...
Solving...
Solving...
Solving...
Solving...
Solving...
Solving...
Solving...
Solving...
Solving...
Solving...
Solving...
Solving...
Solving...
Solving...
Solving...
Solving...
Solving...
Solving...
Solving...
Solving...
Solving...
Solving...
Solving...
Solving...
Solving...
Solving...
Solving...
Solving...
Solving...
Solving...
Solving...
Solving...
Solving...
Solving...
Solving...
Solving...
Solving...
Solving...
Solving...
Solving...
Solving...
Solving...
Solving...
Solving...
Solving...
Solving...
Solving...
Solving...
Solving...
Solving...
Solving...
Solving...
Solving...
Solving...
Solving...
Solving...
Solving...
Solving...
Solving...
Solving...
Solving...
Solving...
Solving...
Solving...
Solving...
Solving...
Solving...
Solving...
Solving...
Solving...
Solving...
Solving...
Solving...
Solving...
Solving...
Solving...
Solving...
Solving...
Solving...
Solving...
Solving...
Solving...
Solving...
Solving...
Solving...
Solving...
Solving...
Solving...
Solving...
Solving...
Solving...
Solving...
Solving...
Solving...
Solving...
Solving...
Solving...
Solving...
Solving...
Solving...
Solving...
Solving...
Solving...
Solving...
Solving...
Solving...
Solving...
Solving...
Solving...
Solving...
Solving...
Solving...
Solving...
Solving...
Solving...
Solving...
Solving...
Solving...
Solving...
Solving...
Solving...
Solving...
Solving...
Solving...
Solving...
Solving...
Solving...
Solving...
Solving...
Solving...
Solving...
Solving...
Solving...
Solving...
Solving...
Solving...
Solving...
Solving...
Solving...
Solving...
Solving...
Solving...
Solving...
Solving...
Solving...
Solving...
Solving...
Solving...
Solving...
Solving...
Solving...
Solving...
Solving...
Solving...
Solving...
Solving...
Solving...
Solving...
Solving...
Solving...
Solving...
Solving...
Solving...
Solving...
Solving...
Solving...
Solving...
Solving...
Solving...
Solving...
Solving...
Solving...
Solving...
Solving...
Solving...
Solving...
Solving...
Solving...
Solving...
Solving...
Solving...
Solving...
Solving...
Solving...
Solving...
Solving...
Solving...
Solving...
Solving...
Solving...
Solving...
Solving...
Solving...
Solving...
Solving...
Solving...
Solving...
Solving...
Solving...
Solving...
Solving...
Solving...
Solving...
Solving...
Solving...
Solving...
Solving...
Solving...
Solving...
Solving...
Solving...
Solving...
Solving...
Solving...
Solving...
Solving...
Solving...
Solving...
Solving...
Solving...
Solving...
Solving...
Solving...
Solving...
Solving...
Solving...
Solving...
Solving...
Solving...
Solving...
Solving...
Solving...
Solving...
Solving...
Solving...
Solving...
Solving...
Solving...
Solving...
Solving...
Solving...
Solving...
Solving...
Solving...
Solving...
Solving...
Solving...
Solving...
Solving...
Solving...
Solving...
Solving...
Solving...
Solving...
Solving...
Solving...
Solving...
Solving...
Solving...
Solving...
Solving...
Solving...
Solving...
Solving...
Solving...
Solving...
Solving...
Solving...
Solving...
Solving...
Solving...
Solving...
Solving...
Solving...
Solving...
Solving...
Solving...
Solving...
Solving...
Solving...
Solving...
Solving...
Solving...
Solving...
Solving...
Solving...
Solving...
Solving...
Solving...
Solving...
Solving...
Solving...
Solving...
Solving...
Solving...
Solving...
Solving...
Solving...
Solving...
Solving...
Solving...
Solving...
Solving...
Solving...
Solving...
Solving...
Solving...
Solving...
Solving...
Solving...
Solving...
Solving...
Solving...
Solving...
Solving...
Solving...
Solving...
Solving...
Solving...
Solving...
Solving...
Solving...
Solving...
Solving...
Solving...
Solving...
Solving...
Solving...
Solving...
Solving...
Solving...
Solving...
Solving...
Solving...
Solving...
Solving...
Solving...
Solving...
Solving...
Solving...
Solving...
Solving...
Solving...
Solving...
Solving...
Solving...
Solving...
Solving...
Solving...
Solving...
Solving...
Solving...
Solving...
Solving...
Solving...
Solving...
Solving...
Solving...
Solving...
Solving...
Solving...
Solving...
Solving...
Solving...
Solving...
Solving...
Solving...
Solving...
Solving...
Solving...
Solving...
Solving...
Solving...
Solving...
Solving...
Solving...
Solving...
Solving...
Solving...
Solving...
Solving...
Solving...
Solving...
Solving...
Solving...
Solving...
Solving...
Solving...
Solving...
Solving...
Solving...
Solving...
Solving...
Solving...
Solving...
Solving...
Solving...
Solving...
Solving...
Solving...
Solving...
Solving...
Solving...
Solving...
Solving...
Solving...
Solving...
Solving...
Solving...
Solving...
Solving...
Solving...
Solving...
Solving...
Solving...
Solving...
Solving...
Solving...
Solving...
Solving...
Solving...
Solving...
Solving...
Solving...
Solving...
Solving...
Solving...
Solving...
Solving...
Solving...
Solving...
Solving...
Solving...
Solving...
Solving...
Solving...
Solving...
Solving...
Solving...
Solving...
Solving...
Solving...
Solving...
Solving...
Solving...
Solving...
Solving...
Solving...
Solving...
Solving...
Solving...
Solving...
Solving...
Solving...
Solving...
Solving...
Solving...
Solving...
Solving...
Solving...
Solving...
Solving...
Solving...
Solving...
Solving...
Solving...
Solving...
Solving...
Solving...
Solving...
Solving...
Solving...
Solving...
Solving...
Solving...
Solving...
Solving...
Solving...
Solving...
Solving...
Solving...
Solving...
Solving...
Solving...
Solving...
Solving...
Solving...
Solving...
Solving...
Solving...
Solving...
Solving...
Solving...
Solving...
Solving...
Solving...
Solving...
Solving...
Solving...
Solving...
Solving...
Solving...
Solving...
Solving...
Solving...
Solving...
Solving...
Solving...
Solving...
Solving...
Solving...
Solving...
Solving...
Solving...
Solving...
Solving...
Solving...
Solving...
Solving...
Solving...
Solving...
Solving...
Solving...
Solving...
Solving...
Solving...
Solving...
Solving...
Solving...
Solving...
Solving...
Solving...
Solving...
Solving...
Solving...
Solving...
Solving...
Solving...
Solving...
Solving...
Solving...
Solving...
Solving...
Solving...
Solving...
Solving...
Solving...
Solving...
Solving...
Solving...
Solving...
Solving...
Solving...
Solving...
Solving...
Solving...
Solving...
Solving...
Solving...
Solving...
Solving...
Solving...
Solving...
Solving...
Solving...
Solving...
Solving...
Solving...
Solving...
Solving...
Solving...
Solving...
Solving...
Solving...
Solving...
Solving...
Solving...
Solving...
Solving...
Solving...
Solving...
Solving...
Solving...
Solving...
Solving...
Solving...
Solving...
Solving...
Solving...
Solving...
Solving...
Solving...
Solving...
Solving...
Solving...
Solving...
Solving...
Solving...
Solving...
Solving...
Solving...
Solving...
Solving...
Solving...
Solving...
Solving...
Solving...
Solving...
Solving...
Solving...
Solving...
Solving...
Solving...
Solving...
Solving...
Solving...
Solving...
Solving...
Solving...
Solving...
Solving...
Solving...
Solving...
Solving...
Solving...
Solving...
Solving...
Solving...
Solving...
Solving...
Solving...
Solving...
Solving...
Solving...
Solving...
Solving...
Solving...
Solving...
Solving...
Solving...
Solving...
Solving...
Solving...
Solving...
Solving...
Solving...
Solving...
Solving...
Solving...
Solving...
Solving...
Solving...
Solving...
Solving...
Solving...
Solving...
Solving...
Solving...
Solving...
Solving...
Solving...
Solving...
Solving...
Solving...
Solving...
Solving...
Solving...
Solving...
Solving...
Solving...
Solving...
Solving...
Solving...
Solving...
Solving...
Solving...
Solving...
Solving...
Solving...
Solving...
Solving...
Solving...
Solving...
Solving...
Solving...
Solving...
Solving...
Solving...
Solving...
Solving...
Solving...
Solving...
Solving...
Solving...
Solving...
Solving...
Solving...
Solving...
Solving...
Solving...
Solving...
Solving...
Solving...
Solving...
Solving...
Solving...
Solving...
Solving...
Solving...
Solving...
Solving...
Solving...
Solving...
Solving...
Solving...
Solving...
Solving...
Solving...
Solving...
Solving...
Solving...
Solving...
Solving...
Solving...
Solving...
Solving...
Solving...
Solving...
Solving...
Solving...
Solving...
Solving...
Solving...
Solving...
Solving...
Solving...
Solving...
Solving...
Solving...
Solving...
Solving...
Solving...
Solving...
Solving...
Solving...
Solving...
Solving...
Solving...
Solving...
Solving...
Solving...
Solving...
Solving...
Solving...
Solving...
Solving...
Solving...
Solving...
Solving...
Solving...
Solving...
Solving...
Solving...
Solving...
Solving...
Solving...
Solving...
Solving...
Solving...
Solving...
Solving...
Solving...
Solving...
Solving...
Solving...
Solving...
Solving...
Solving...
Solving...
Solving...
Solving...
Solving...
Solving...
Solving...
Solving...
Solving...
Solving...
Solving...
Solving...
Solving...
Solving...
Solving...
Solving...
Solving...
Solving...
Solving...
Solving...
Solving...
Solving...
Solving...
Solving...
Solving...
Solving...
Solving...
Solving...
Solving...
Solving...
Solving...
Solving...
Solving...
Solving...
Solving...
Solving...
Solving...
Solving...
Solving...
Solving...
Solving...
Solving...
Solving...
Solving...
Solving...
Solving...
Solving...
Solving...
Solving...
Solving...
Solving...
Solving...
Solving...
Solving...
Solving...
Solving...
Solving...
Solving...
Solving...
Solving...
Solving...
Solving...
Solving...
Solving...
Solving...
Solving...
Solving...
Solving...
Solving...
Solving...
Solving...
Solving...
Solving...
Solving...
Solving...
Solving...
Solving...
Solving...
Solving...
Solving...
Solving...
Solving...
Solving...
Solving...
Solving...
Solving...
Solving...
Solving...
Solving...
Solving...
Solving...
Solving...
Solving...
Solving...
Solving...
Solving...
Solving...
Solving...
Solving...
Solving...
Solving...
Solving...
Solving...
Solving...
Solving...
Solving...
Solving...
Solving...
Solving...
Solving...
Solving...
Solving...
Solving...
Solving...
Solving...
Solving...
Solving...
Solving...
Solving...
Solving...
Solving...
Solving...
Solving...
Solving...
Solving...
Solving...
Solving...
Solving...
Solving...
Solving...
Solving...
Solving...
Solving...
Solving...
Solving...
Solving...
Solving...
Solving...
Solving...
Solving...
Solving...
Solving...
Solving...
Solving...
Solving...
Solving...
Solving...
Solving...
Solving...
Solving...
Solving...
Solving...
Solving...
Solving...
Solving...
Solving...
Solving...
Solving...
Solving...
Solving...
Solving...
Solving...
Solving...
Solving...
Solving...
Solving...
Solving...
Solving...
Solving...
Solving...
Solving...
Solving...
Solving...
Solving...
Solving...
Solving...
Solving...
Solving...
Solving...
Solving...
Solving...
Solving...
Solving...
Solving...
Solving...
Solving...
Solving...
Solving...
Solving...
Solving...
Solving...
Solving...
Solving...
Solving...
Solving...
Solving...
Solving...
Solving...
Solving...
Solving...
Solving...
Solving...
Solving...
Solving...
Solving...
Solving...
Solving...
Solving...
Solving...
Solving...
Solving...
Solving...
Solving...
Solving...
Solving...
Solving...
Solving...
Solving...
Solving...
Solving...
Solving...
Solving...
Solving...
Solving...
Solving...
Solving...
Solving...
Solving...
Solving...
Solving...
Solving...
Solving...
Solving...
Solving...
Solving...
Solving...
Solving...
Solving...
Solving...
Solving...
Solving...
Solving...
Solving...
Solving...
Solving...
Solving...
Solving...
Solving...
Solving...
Solving...
Solving...
Solving...
Solving...
Solving...
Solving...
Solving...
Solving...
Solving...
Solving...
Solving...
Solving...
Solving...
Solving...
Solving...
Solving...
Solving...
Solving...
Solving...
Solving...
Solving...
Solving...
Solving...
Solving...
Solving...
Solving...
Solving...
Solving...
Solving...
Solving...
Solving...
Solving...
Solving...
Solving...
Solving...
Solving...
Solving...
Solving...
Solving...
Solving...
Solving...
Solving...
Solving...
Solving...
Solving...
Solving...
Solving...
Solving...
Solving...
Solving...
Solving...
Solving...
Solving...
Solving...
Solving...
Solving...
Solving...
Solving...
Solving...
Solving...
Solving...
Solving...
Solving...
Solving...
Solving...
Solving...
Solving...
Solving...
Solving...
Solving...
Solving...
Solving...
Solving...
Solving...
Solving...
Solving...
Solving...
Solving...
Solving...
Solving...
Solving...
Solving...
Solving...
Solving...
Solving...
Solving...
Solving...
Solving...
Solving...
Solving...
Solving...
Solving...
Solving...
Solving...
Solving...
Solving...
Solving...
Solving...
Solving...
Solving...
Solving...
Solving...
Solving...
Solving...
Solving...
Solving...
Solving...
Solving...
Solving...
Solving...
Solving...
Solving...
Solving...
Solving...
Solving...
Solving...
Solving...
Solving...
Solving...
Solving...
Solving...
Solving...
Solving...
Solving...
Solving...
Solving...
Solving...
Solving...
Solving...
Solving...
Solving...
Solving...
Solving...
Solving...
Solving...
Solving...
Solving...
Solving...
Solving...
Solving...
Solving...
Solving...
Solving...
Solving...
Solving...
Solving...
Solving...
Solving...
Solving...
Solving...
Solving...
Solving...
Solving...
Solving...
Solving...
Solving...
Solving...
Solving...
Solving...
Solving...
Solving...
Solving...
Solving...
Solving...
Solving...
Solving...
Solving...
Solving...
Solving...
Solving...
Solving...
Solving...
Solving...
Solving...
Solving...
Solving...
Solving...
Solving...
Solving...
Solving...
Solving...
Solving...
Solving...
Solving...
Solving...
Solving...
Solving...
Solving...
Solving...
Solving...
Solving...
Solving...
Solving...
Solving...
Solving...
Solving...
Solving...
Solving...
Solving...
Solving...
Solving...
Solving...
Solving...
Solving...
Solving...
Solving...
Solving...
Solving...
Solving...
Solving...
Solving...
Solving...
Solving...
Solving...
Solving...
Solving...
Solving...
Solving...
Solving...
Solving...
Solving...
Solving...
Solving...
Solving...
Solving...
Solving...
Solving...
Solving...
Solving...
Solving...
Solving...
Solving...
Solving...
Solving...
Solving...
Solving...
Solving...
Solving...
Solving...
Solving...
Solving...
Solving...
Solving...
Solving...
Solving...
Solving...
Solving...
Solving...
Solving...
Solving...
Solving...
Solving...
Solving...
Solving...
Solving...
Solving...
Solving...
Solving...
Solving...
Solving...
Solving...
Solving...
Solving...
Solving...
Solving...
Solving...
Solving...
Solving...
Solving...
Solving...
Solving...
Solving...
Solving...
Solving...
Solving...
Solving...
Solving...
Solving...
Solving...
Solving...
Solving...
Solving...
Solving...
Solving...
Solving...
Solving...
Solving...
Solving...
Solving...
Solving...
Solving...
Solving...
Solving...
Solving...
Solving...
Solving...
Solving...
Solving...
Solving...
Solving...
Solving...
Solving...
Solving...
Solving...
Solving...
Solving...
Solving...
Solving...
Solving...
Solving...
Solving...
Solving...
Solving...
Solving...
Solving...
Solving...
Solving...
Solving...
Solving...
Solving...
Solving...
Solving...
Solving...
Solving...
Solving...
Solving...
Solving...
Solving...
Solving...
Solving...
Solving...
Solving...
Solving...
Solving...
Solving...
Solving...
Solving...
Solving...
Solving...
Solving...
Solving...
Solving...
Solving...
Solving...
Solving...
Solving...
Solving...
Solving...
Solving...
Solving...
Solving...
Solving...
Solving...
Solving...
Solving...
Solving...
Solving...
Solving...
Solving...
Solving...
Solving...
Solving...
Solving...
Solving...
Solving...
Solving...
Solving...
Solving...
Solving...
Solving...
Solving...
Solving...
Solving...
Solving...
Solving...
Solving...
Solving...
Solving...
Solving...
Solving...
Solving...
Solving...
Solving...
Solving...
Solving...
Solving...
Solving...
Solving...
Solving...
Solving...
Solving...
Solving...
Solving...
Solving...
Solving...
Solving...
Solving...
Solving...
Solving...
Solving...
Solving...
Solving...
Solving...
Solving...
Solving...
Solving...
Solving...
Solving...
Solving...
Solving...
Solving...
Solving...
Solving...
Solving...
Solving...
Solving...
Solving...
Solving...
Solving...
Solving...
Solving...
Solving...
Solving...
Solving...
Solving...
Solving...
Solving...
Solving...
Solving...
Solving...
Solving...
Solving...
Solving...
Solving...
Solving...
Solving...
Solving...
Solving...
Solving...
Solving...
Solving...
Solving...
Solving...
Solving...
Solving...
Solving...
Solving...
Solving...
Solving...
Solving...
Solving...
Solving...
Solving...
Solving...
Solving...
Solving...
Solving...
Solving...
Solving...
Solving...
Solving...
Solving...
Solving...
Solving...
Solving...
Solving...
Solving...
Solving...
Solving...
Solving...
Solving...
Solving...
Solving...
Solving...
Solving...
Solving...
Solving...
Solving...
Solving...
Solving...
Solving...
Solving...
Solving...
Solving...
Solving...
Solving...
Solving...
Solving...
Solving...
Solving...
Solving...
Solving...
Solving...
Solving...
Solving...
Solving...
Solving...
Solving...
Solving...
Solving...
Solving...
Solving...
Solving...
Solving...
Solving...
Solving...
Solving...
Solving...
Solving...
Solving...
Solving...
Solving...
Solving...
Solving...
Solving...
Solving...
Solving...
Solving...
Solving...
Solving...
Solving...
Solving...
Solving...
Solving...
Solving...
Solving...
Solving...
Solving...
Solving...
Solving...
Solving...
Solving...
Solving...
Solving...
Solving...
Solving...
Solving...
Solving...
Solving...
Solving...
Solving...
Solving...
Solving...
Solving...
Solving...
Solving...
Solving...
Solving...
Solving...
Solving...
Solving...
Solving...
Solving...
Solving...
Solving...
Solving...
Solving...
Solving...
Solving...
Solving...
Solving...
Solving...
Solving...
Solving...
Solving...
Solving...
Solving...
Solving...
Solving...
Solving...
Solving...
Solving...
Solving...
Solving...
Solving...
Solving...
Solving...
Solving...
Solving...
Solving...
Solving...
Solving...
Solving...
Solving...
Solving...
Solving...
Solving...
Solving...
Solving...
Solving...
Solving...
Solving...
Solving...
Solving...
Solving...
Solving...
Solving...
Solving...
Solving...
Solving...
Solving...
Solving...
Solving...
Solving...
Solving...
Solving...
Solving...
Solving...
Solving...
Solving...
Solving...
Solving...
Solving...
Solving...
Solving...
Solving...
Solving...
Solving...
Solving...
Solving...
Solving...
Solving...
Solving...
Solving...
Solving...
Solving...
Solving...
Solving...
Solving...
Solving...
Solving...
Solving...
Solving...
Solving...
Solving...
Solving...
Solving...
Solving...
Solving...
Solving...
Solving...
Solving...
Solving...
Solving...
Solving...
Solving...
Solving...
Solving...
Solving...
Solving...
Solving...
Solving...
Solving...
Solving...
Solving...
Solving...
Solving...
Solving...
Solving...
Solving...
Solving...
Solving...
Solving...
Solving...
Solving...
Solving...
Solving...
Solving...
Solving...
Solving...
Solving...
Solving...
Solving...
Solving...
Solving...
Solving...
Solving...
Solving...
Solving...
Solving...
Solving...
Solving...
Solving...
Solving...
Solving...
Solving...
Solving...
Solving...
Solving...
Solving...
Solving...
Solving...
Solving...
Solving...
Solving...
Solving...
Solving...
Solving...
Solving...
Solving...
Solving...
Solving...
Solving...
Solving...
Solving...
Solving...
Solving...
Solving...
Solving...
Solving...
Solving...
Solving...
Solving...
Solving...
Solving...
Solving...
Solving...
Solving...
Solving...
Solving...
Solving...
Solving...
Solving...
Solving...
Solving...
Solving...
Solving...
Solving...
Solving...
Solving...
Solving...
Solving...
Solving...
Solving...
Solving...
Solving...
Solving...
Solving...
Solving...
Solving...
Solving...
Solving...
Solving...
Solving...
Solving...
Solving...
Solving...
Solving...
Solving...
Solving...
Solving...
Solving...
Solving...
Solving...
Solving...
Solving...
Solving...
Solving...
Solving...
Solving...
Solving...
Solving...
Solving...
Solving...
Solving...
Solving...
Solving...
Solving...
Solving...
Solving...
Solving...
Solving...
Solving...
Solving...
Solving...
Solving...
Solving...
Solving...
Solving...
Solving...
Solving...
Solving...
Solving...
Solving...
Solving...
Solving...
Solving...
Solving...
Solving...
Solving...
Solving...
Solving...
Solving...
Solving...
Solving...
Solving...
Solving...
Solving...
Solving...
Solving...
Solving...
Solving...
Solving...
Solving...
Solving...
Solving...
Solving...
Solving...
Solving...
Solving...
Solving...
Solving...
Solving...
Solving...
Solving...
Solving...
Solving...
Solving...
Solving...
Solving...
Solving...
Solving...
Solving...
Solving...
Solving...
Solving...
Solving...
Solving...
Solving...
Solving...
Solving...
Solving...
Solving...
Solving...
Solving...
Solving...
Solving...
Solving...
Solving...
Solving...
Solving...
Solving...
Solving...
Solving...
Solving...
Solving...
Solving...
Solving...
Solving...
Solving...
Solving...
Solving...
Solving...
Solving...
Solving...
Solving...
Solving...
Solving...
Solving...
Solving...
Solving...
Solving...
Solving...
Solving...
Solving...
Solving...
Solving...
Solving...
Solving...
Solving...
Solving...
Solving...
Solving...
Solving...
Solving...
Solving...
Solving...
Solving...
Solving...
Solving...
Solving...
Solving...
Solving...
Solving...
Solving...
Solving...
Solving...
Solving...
Solving...
Solving...
Solving...
Solving...
Solving...
Solving...
Solving...
Solving...
Solving...
Solving...
Solving...
Solving...
Solving...
Solving...
Solving...
Solving...
Solving...
Solving...
Solving...
Solving...
Solving...
Solving...
Solving...
Solving...
Solving...
Solving...
Solving...
Solving...
Solving...
Solving...
Solving...
Solving...
Solving...
Solving...
Solving...
Solving...
Solving...
Solving...
Solving...
Solving...
Solving...
Solving...
Solving...
Solving...
Solving...
Solving...
Solving...
Solving...
Solving...
Solving...
Solving...
Solving...
Solving...
Solving...
Solving...
Solving...
Solving...
Solving...
Solving...
Solving...
Solving...
Solving...
Solving...
Solving...
Solving...
Solving...
Solving...
Solving...
Solving...
Solving...
Solving...
Solving...
Solving...
Solving...
Solving...
Solving...
Solving...
Solving...
Solving...
Solving...
Solving...
Solving...
Solving...
Solving...
Solving...
Solving...
Solving...
Solving...
Solving...
Solving...
Solving...
Solving...
Solving...
Solving...
Solving...
Solving...
Solving...
Solving...
Solving...
Solving...
Solving...
Solving...
Solving...
Solving...
Solving...
Solving...
Solving...
Solving...
Solving...
Solving...
Solving...
Solving...
Solving...
Solving...
Solving...
Solving...
Solving...
Solving...
Solving...
Solving...
Solving...
Solving...
Solving...
Solving...
Solving...
Solving...
Solving...
Solving...
Solving...
Solving...
Solving...
Solving...
Solving...
Solving...
Solving...
Solving...
Solving...
Solving...
Solving...
Solving...
Solving...
Solving...
Solving...
Solving...
Solving...
Solving...
Solving...
Solving...
Solving...
Solving...
Solving...
Solving...
Solving...
Solving...
Solving...
Solving...
Solving...
Solving...
Solving...
Solving...
Solving...
Solving...
Solving...
Solving...
Solving...
Solving...
Solving...
Solving...
Solving...
Solving...
Solving...
Solving...
Solving...
Solving...
Solving...
Solving...
Solving...
Solving...
Solving...
Solving...
Solving...
Solving...
Solving...
Solving...
Solving...
Solving...
Solving...
Solving...
Solving...
Solving...
Solving...
Solving...
Solving...
Solving...
Solving...
Solving...
Solving...
Solving...
Solving...
Solving...
Solving...
Solving...
Solving...
Solving...
Solving...
Solving...
Solving...
Solving...
Solving...
Solving...
Solving...
Solving...
Solving...
Solving...
Solving...
Solving...
Solving...
Solving...
Solving...
Solving...
Solving...
Solving...
Solving...
Solving...
Solving...
Solving...
Solving...
Solving...
Solving...
Solving...
Solving...
Solving...
Solving...
Solving...
Solving...
Solving...
Solving...
Solving...
Solving...
Solving...
Solving...
Solving...
Solving...
Solving...
Solving...
Solving...
Solving...
Solving...
Solving...
Solving...
Solving...
Solving...
Solving...
Solving...
Solving...
Solving...
Solving...
Solving...
Solving...
Solving...
Solving...
Solving...
Solving...
Solving...
Solving...
Solving...
Solving...
Solving...
Solving...
Solving...
Solving...
Solving...
Solving...
Solving...
Solving...
Solving...
Solving...
Solving...
Solving...
Solving...
Solving...
Solving...
Solving...
Solving...
Solving...
Solving...
Solving...
Solving...
Solving...
Solving...
Solving...
Solving...
Solving...
Solving...
Solving...
Solving...
Solving...
Solving...
Solving...
Solving...
Solving...
Solving...
Solving...
Solving...
Solving...
Solving...
Solving...
Solving...
Solving...
Solving...
Solving...
Solving...
Solving...
Solving...
Solving...
Solving...
Solving...
Solving...
Solving...
Solving...
Solving...
Solving...
Solving...
Solving...
Solving...
Solving...
Solving...
Solving...
Solving...
Solving...
Solving...
Solving...
Solving...
Solving...
Solving...
Solving...
Solving...
Solving...
Solving...
Solving...
Solving...
Solving...
Solving...
Solving...
Solving...
Solving...
Solving...
Solving...
Solving...
Solving...
Solving...
Solving...
Solving...
Solving...
Solving...
Solving...
Solving...
Solving...
Solving...
Solving...
Solving...
Solving...
Solving...
Solving...
Solving...
Solving...
Solving...
Solving...
Solving...
Solving...
Solving...
Solving...
Solving...
Solving...
Solving...
Solving...
Solving...
Solving...
Solving...
Solving...
Solving...
Solving...
Solving...
Solving...
Solving...
Solving...
Solving...
Solving...
Solving...
Solving...
Solving...
Solving...
Solving...
Solving...
Solving...
Solving...
Solving...
Solving...
Solving...
Solving...
Solving...
Solving...
Solving...
Solving...
Solving...
Solving...
Solving...
Solving...
Solving...
Solving...
Solving...
Solving...
Solving...
Solving...
Solving...
Solving...
Solving...
Solving...
Solving...
Solving...
Solving...
Solving...
Solving...
Solving...
Solving...
Solving...
Solving...
Solving...
Solving...
Solving...
Solving...
Solving...
Solving...
Solving...
Solving...
Solving...
Solving...
Solving...
Solving...
Solving...
Solving...
Solving...
Solving...
Solving...
Solving...
Solving...
Solving...
Solving...
Solving...
Solving...
Solving...
Solving...
Solving...
Solving...
Solving...
Solving...
Solving...
Solving...
Solving...
Solving...
Solving...
Solving...
Solving...
Solving...
Solving...
Solving...
Solving...
Solving...
Solving...
Solving...
Solving...
Solving...
Solving...
Solving...
Solving...
Solving...
Solving...
Solving...
Solving...
Solving...
Solving...
Solving...
Solving...
Solving...
Solving...
Solving...
Solving...
Solving...
Solving...
Solving...
Solving...
Solving...
Solving...
Solving...
Solving...
Solving...
Solving...
Solving...
Solving...
Solving...
Solving...
Solving...
Solving...
Solving...
Solving...
Solving...
Solving...
Solving...
Solving...
Solving...
Solving...
Solving...
Solving...
Solving...
Solving...
Solving...
Solving...
Solving...
Solving...
Solving...
Solving...
Solving...
Solving...
Solving...
Solving...
Solving...
Solving...
Solving...
Solving...
Solving...
Solving...
Solving...
Solving...
Solving...
Solving...
Solving...
Solving...
Solving...
Solving...
Solving...
Solving...
Solving...
Solving...
Solving...
Solving...
Solving...
Solving...
Solving...
Solving...
Solving...
Solving...
Solving...
Solving...
Solving...
Solving...
Solving...
Solving...
Solving...
Solving...
Solving...
Solving...
Solving...
Solving...
Solving...
Solving...
Solving...
Solving...
Solving...
Solving...
Solving...
Solving...
Solving...
Solving...
Solving...
Solving...
Solving...
Solving...
Solving...
Solving...
Solving...
Solving...
Solving...
Solving...
Solving...
Solving...
Solving...
Solving...
Solving...
Solving...
Solving...
Solving...
Solving...
Solving...
Solving...
Solving...
Solving...
Solving...
Solving...
Solving...
Solving...
Solving...
Solving...
Solving...
Solving...
Solving...
Solving...
Solving...
Solving...
Solving...
Solving...
Solving...
Solving...
Solving...
Solving...
Solving...
Solving...
Solving...
Solving...
Solving...
Solving...
Solving...
Solving...
Solving...
Solving...
Solving...
Solving...
Solving...
Solving...
Solving...
Solving...
Solving...
Solving...
Solving...
Solving...
Solving...
Solving...
Solving...
Solving...
Solving...
Solving...
Solving...
Solving...
Solving...
Solving...
Solving...
Solving...
Solving...
Solving...
Solving...
Solving...
Solving...
Solving...
Solving...
Solving...
Solving...
Solving...
Solving...
Solving...
Solving...
Solving...
Solving...
Solving...
Solving...
Solving...
Solving...
Solving...
Solving...
Solving...
Solving...
Solving...
Solving...
Solving...
Solving...
Solving...
Solving...
Solving...
Solving...
Solving...
Solving...
Solving...
Solving...
Solving...
Solving...
Solving...
Solving...
Solving...
Solving...
Solving...
Solving...
Solving...
Solving...
Solving...
Solving...
Solving...
Solving...
Solving...
Solving...
Solving...
Solving...
Solving...
Solving...
Solving...
Solving...
Solving...
Solving...
Solving...
Solving...
Solving...
Solving...
Solving...
Solving...
Solving...
Solving...
Solving...
Solving...
Solving...
Solving...
Solving...
Solving...
Solving...
Solving...
Solving...
Solving...
Solving...
Solving...
Solving...
Solving...
Solving...
Solving...
Solving...
Solving...
Solving...
Solving...
Solving...
Solving...
Solving...
Solving...
Solving...
Solving...
Solving...
Solving...
Solving...
Solving...
Solving...
Solving...
Solving...
Solving...
Solving...
Solving...
Solving...
Solving...
Solving...
Solving...
Solving...
Solving...
Solving...
Solving...
Solving...
Solving...
Solving...
Solving...
Solving...
Solving...
Solving...
Solving...
Solving...
Solving...
Solving...
Solving...
Solving...
Solving...
Solving...
Solving...
Solving...
UNKNOWN

INTERRUPTED  : 1
Models       : 12167+
Calls        : 6087
Time         : 1341.539s (Solving: 1173.00s 1st Model: 845.15s Unsat: 0.00s)
CPU Time     : 1336.141s

Choices      : 717070595
Conflicts    : 1180951  (Analyzed: 547452)
Restarts     : 5327     (Average: 102.77 Last: 57880)
Model-Level  : 21771.5 
Problems     : 6087     (Average Length: 2852.19 Splits: 0)
Lemmas       : 547452   (Deleted: 490463)
  Binary     : 1273     (Ratio:   0.23%)
  Ternary    : 35247    (Ratio:   6.44%)
  Conflict   : 547452   (Average Length:   44.3 Ratio: 100.00%) 
  Loop       : 0        (Average Length:    0.0 Ratio:   0.00%) 
  Other      : 0        (Average Length:    0.0 Ratio:   0.00%) 
Backjumps    : 547452   (Average: 1120.40 Max: 27393 Sum: 613366051)
  Executed   : 543184   (Average: 1097.98 Max: 27393 Sum: 601091203 Ratio:  98.00%)
  Bounded    : 4268     (Average: 2876.02 Max: 5305 Sum: 12274848 Ratio:   2.00%)

Rules        : 409897  
  Choice     : 43664   
Atoms        : 408668  
Bodies       : 284699  
Equivalences : 854093   (Atom=Atom: 247584 Body=Body: 140013 Other: 466496)
Tight        : Yes
Variables    : 44435    (Eliminated:    0 Frozen: 44435)
Constraints  : 6170     (Binary: 100.0% Ternary:   0.0% Other:   0.0%)

DifferenceLogic
  Time init(s): 27.9309
  Mutexes    : 0
  [Thread 0]
    Propagation(s): 538.499
    Dijkstra(s): 0
    Undo(s)  : 57.0315
    True edges: 0
    False edges: 0
    False edges (inverse): 0
    False edges (partial): 0
    False edges (partial+): 0
    Edges added: 1.46619e+09
    Edges skipped: 1.39866e+09
    Edges propagated: 0
    Cost consistency: 1.60467e+10
    Cost forward: 0
    Cost backward: 0
Completion Time for Window 1 : 2182 
Completion Time for Window 2 : 4353 
Completion Time for Window 3 : 6428 
